1836
2097
284
721
2631
2653
5
706
102
242
2375
156
1854
1515
849
2341
2441
1959
444
2914
2799
1168
2890
1523
2691
591
1237
134
949
2909
940
980
2946
567
22
2698
2121
421
2692
2644
2706
450
114
2302
1731
544
1847
2407
1136
2867
2875
2107
1482
317
911
667
2207
1761
1029
2040
1416
2871
2756
192
2301
1394
209
1287
1493
1151
220
2020
2267
800
207
2349
1053
587
2791
2147
1743
1829
1998
1082
34
1832
2498
2629
2655
2354
491
360
2391
651
1228
2835
693
2922
0
337
334
560
914
2984
2646
854
2840
681
109
1562
2613
1619
1969
1882
296
2586
872
1674
158
468
1895
580
1632
2138
660
2859
2629
1615
2572
372
1655
1131
586
2454
1813
1183
914
2013
1435
2179
1992
1817
2519
1092
2741
1871
1390
508
354
1641
1962
2019
2763
2531
1441
2753
1928
1775
2324
2786
1225
1224
1108
2736
2906
1481
1032
2514
68
2113
1672
1858
239
978
1476
78
1060
539
2397
1788
1469
2120
1260
931
1410
2636
1367
1055
1012
2059
2254
2138
2689
1648
954
767
708
2782
1185
1259
838
1876
440
1241
2968
103
1779
1785
1055
1363
1693
1388
2378
535
1317
2104
2963
176
1326
270
113
2977
1501
1009
2859
2533
2169
1591
23
708
2369
1277
2354
1137
950
2592
1680
19
962
1306
856
2582
2999
2649
366
865
2760
2154
330
1850
804
532
1456
915
1146
861
374
2431
1382
435
934
188
1762
347
1993
415
2034
1241
2585
1725
424
2944
2214
20
2413
531
2978
1852
642
1993
2773
15
1260
1173
2904
1837
2821
1438
2991
88
2218
2248
1637
527
372
667
819
2652
656
2951
1830
1519
2568
1605
1425
859
1318
1435
1501
614
883
1522
1788
2388
662
919
1928
588
442
155
593
595
1249
2496
2506
1175
1306
1686
2648
1746
2711
325
1195
691
162
1254
446
2655
2748
2044
519
1385
2937
2377
2205
696
459
2248
2864
2453
1739
230
2209
500
2357
1234
269
72
2098
249
2553
2631
1787
2755
902
557
326
1097
2226
2408
472
2272
840
1398
2636
2207
658
1872
290
1810
715
2058
1821
194
6
2480
1115
695
1334
1927
984
373
556
2498
2491
888
2598
182
1474
1648
369
2362
22
456
1980
2466
2390
811
863
149
576
1396
2781
288
2533
494
809
1592
2748
1421
2441
2631
2762
299
1423
99
1716
1342
1906
1748
2609
475
398
1642
1440
1353
2035
1365
1214
539
90
304
2831
1184
1350
2588
592
268
2965
1996
78
1005
433
52
2206
738
2599
2722
2033
1881
750
1047
1904
2115
540
101
998
1138
1847
1180
1458
2444
378
2208
1330
2137
2800
1578
1948
1834
2506
1447
1377
2910
1669
1603
41
345
2436
702
1753
2313
2331
2333
2789
2042
1399
715
644
1249
1590
2453
1420
1784
537
634
627
1225
1721
69
938
1021
774
198
2374
2302
2670
1994
445
1936
59
652
1702
1144
2427
2145
112
1044
2419
2287
737
2084
933
698
244
53
26
2592
2372
1035
975
1816
1623
2366
2764
731
1538
2133
2958
486
2372
2405
269
1708
1190
937
750
275
2357
1391
521
2583
1805
2433
2332
1853
88
75
2954
2321
2275
78
2622
2409
960
1242
2028
2335
1380
1695
607
979
1085
1933
2915
1332
1814
2225
2508
2306
2302
2750
234
980
514
1392
11
2189
34
910
642
1463
2179
637
1210
2293
2783
859
747
2947
1909
1414
1895
661
784
2541
1497
2872
2518
1000
39
863
566
647
18
2525
2843
1641
1895
2567
1231
2838
2301
469
1053
2144
1800
448
722
621
1549
954
1477
2560
397
887
855
2572
196
972
2895
138
2671
2034
871
2778
896
1531
618
1685
2449
1141
1964
1179
1716
2070
2113
1425
2608
1640
741
1048
2150
1896
2450
2084
2386
1006
250
2131
1669
271
1444
922
2672
1093
167
267
2597
1274
1248
268
2829
2037
1171
407
1990
297
844
1327
1774
2429
2964
1556
230
1846
988
775
2583
1787
392
2889
1281
1487
15
2178
2697
1041
1507
623
1902
1845
1827
1334
392
473
1219
112
724
2043
94
2088
162
1922
357
2240
307
2888
691
825
104
2392
684
810
881
1358
1987
1341
2021
1993
710
948
1789
220
2424
2928
601
1629
1164
2757
627
875
50
539
1692
1303
2727
2358
1130
775
1871
2808
349
682
518
2510
1161
1017
452
2033
1486
2877
1091
1731
1333
2145
299
2941
2498
429
1638
1677
1724
933
198
2228
2341
144
2117
2577
1630
2628
211
1246
121
901
598
1107
2701
2913
1766
2584
1177
2130
1271
749
2784
1319
2206
2547
1004
2786
2860
701
2137
193
1084
2416
484
1289
168
1017
1899
874
403
1857
2666
2845
1609
431
1547
2191
239
2584
1663
2054
500
2593
2662
2448
2444
1022
938
2570
1573
1843
2768
2510
2108
2927
2817
1182
623
1412
2745
748
684
302
1726
2414
1082
2939
2710
1774
999
1812
2547
275
2037
83
2693
1491
2753
1035
1845
2146
78
2328
2301
1560
2089
156
736
1681
614
364
1568
1827
2839
914
1369
198
866
247
1366
2505
1312
2164
1571
2760
2296
2493
472
2025
234
1325
1428
2587
2566
598
669
1355
1000
166
325
926
2203
1028
1159
634
244
720
436
1123
1713
2495
624
2506
2669
2340
834
914
757
2541
2263
2596
2683
1710
1447
2288
1936
1980
2260
2240
244
13
2197
699
2922
439
301
283
1004
936
2516
1576
2056
2348
311
738
701
1922
2918
226
2764
2755
598
1459
903
728
1243
492
2581
1870
1698
1263
1459
1195
879
1700
297
2924
2583
2229
2038
551
2909
2821
25
687
